col_palette <- c("#16425B", "#48A9A6", "#FFFFFF", "#9F1934")
bg_col <- "#E4DFDA"
